6.755399999999999849e+00 1.810622476555663052e-01
7.368000000000000327e+00 2.864060476130717015e-02
1.622879999999999967e+01 3.159602605788532081e-02
1.678239999999999910e+01 1.726305312489434529e-02
1.689110000000000156e+01 1.723298677140668728e-02
1.691550000000000153e+01 7.886591163136139060e-02
1.704329999999999856e+01 7.854997604084394680e-02
1.718750000000000000e+01 4.001310923354599591e-01
1.733089999999999975e+01 3.984366397812258431e-02
1.801119999999999877e+01 6.450794721143364441e-02
1.842379999999999995e+01 4.974033348036614732e-02
2.031050000000000111e+01 4.974033348036614732e-02
2.420570000000000022e+01 8.873508367151777820e-02
2.459969999999999857e+01 1.921952008429478678e-03
2.460000000000000142e+01 1.354363851221423720e-01
2.480890000000000128e+01 6.313487160761913630e-01
2.848199999999999932e+01 9.958661233640772603e-02
2.932270000000000110e+01 5.731479100962491580e-02
2.936919999999999931e+01 3.631684908435994785e-02
3.040990000000000038e+01 3.631684908435994785e-02
3.062349999999999994e+01 9.417942614608449531e-03
3.090589999999999904e+01 5.141775035105358022e-02
3.435130000000000194e+01 5.512021941261941588e-02
3.599539999999999651e+01 1.826612584598054367e-02
3.627199999999999847e+01 1.821636673326184133e-02
3.753190000000000026e+01 1.266897108456095100e-01
3.755429999999999779e+01 1.262083300994790158e-01
3.831550000000000011e+01 4.779634838677516984e-02
3.877660000000000196e+01 6.587595949449713550e-02
4.256340000000000146e+01 5.805652126730792562e-02
4.494680000000000319e+01 5.504827913241711057e-02
4.506710000000000349e+01 1.742223871820469672e-02
4.511269999999999669e+01 1.364577601981734056e-01
5.221920000000000073e+01 1.052895185919748428e-01
5.465599999999999881e+01 1.052895185919748428e-01
5.659440000000000026e+01 7.290542913144951176e-02
6.011760000000000304e+01 5.419408164160971486e-02
6.274730000000000274e+01 5.419408164160971486e-02
6.417780000000000484e+01 2.389185471208636266e-02
6.515330000000000155e+01 5.782922363169928914e-02
6.860850000000000648e+01 7.462026753898813591e-02
6.969859999999999900e+01 7.462026753898813591e-02
7.115370000000000061e+01 4.475855780275121709e-02
7.160649999999999693e+01 4.554092496016706737e-02
7.167100000000000648e+01 1.758842798463247301e-02
7.224420000000000641e+01 5.515361587410561039e-02
7.248919999999999675e+01 3.578815152972288083e-02
7.249800000000000466e+01 1.458941986206638286e-01
7.276300000000000523e+01 8.172650642747392169e-02
7.284590000000000032e+01 1.760424854431790198e-01
7.287850000000000250e+01 2.070504090274218889e-01
7.299240000000000350e+01 7.015241956172525717e-02
7.304269999999999641e+01 6.198888111071535617e-02
7.330780000000000030e+01 4.031031787905612479e-02
7.375249999999999773e+01 9.982262734212234145e-02
7.388460000000000605e+01 4.508675710765425171e-02
7.394650000000000034e+01 5.458379786415742951e-02
7.414990000000000236e+01 2.575868482526144088e-01
7.417220000000000368e+01 1.820284369065333641e-01
7.440489999999999782e+01 2.429201892099396368e-02
7.445050000000000523e+01 7.387310266634147249e-01
7.450419999999999732e+01 3.317133505180600017e-02
7.568179999999999552e+01 9.892035935945245329e-02
7.619580000000000553e+01 6.898601891311013923e-02
7.619589999999999463e+01 1.758945296957101778e-01
7.646680000000000632e+01 8.238437179340925287e-02
7.646680000000000632e+01 1.544471502942443286e-01
7.712340000000000373e+01 9.600437152503102367e-02
7.747490000000000521e+01 6.728442914523613538e-02
7.852570000000000050e+01 1.685722352359022569e-01
7.853860000000000241e+01 8.327002624471706305e-02
7.881170000000000186e+01 1.076247084967276030e-01
7.903499999999999659e+01 7.015066854586997358e-02
7.970569999999999311e+01 3.159602605788532081e-02
7.989390000000000214e+01 5.099803988748131955e-02
7.995910000000000650e+01 3.943384844498663555e-01
7.995910000000000650e+01 8.044968748212595611e-02
8.010330000000000439e+01 1.651884542620739582e-01
8.011570000000000391e+01 2.012907034667067441e-01
