1.602784232776686579e+00 4.979647898385845650e+00
7.212780405539713779e-01 1.116328344981790011e+01
4.675646987134474686e-01 1.176869226574440219e+01
2.425615240761517521e-01 2.405437936542755395e+01
6.871580039810007423e-02 2.684626083531622243e+01
2.358909751692433998e-01 2.781597648886840091e+01
2.917805874379969522e-01 2.832117608274577236e+01
1.215087614363151020e-01 3.424241615779829573e+01
1.890244510969851799e-01 3.562145708781897468e+01
1.185605330486502323e-01 3.933188957141305764e+01
1.046471797120712005e-01 4.359225959883633550e+01
1.609629059767321846e-01 4.821786764736994257e+01
2.743735757629032213e-01 5.565926465105087573e+01
1.126554917006750978e-01 6.128798219417723914e+01
1.653897945120298418e-01 6.745646806040944909e+01
8.742749567595661797e-02 7.562887444006651094e+01
1.211261416512940531e-01 9.556967191302852882e+01
1.547866058317487747e-01 9.727767046025155651e+01
1.613399406584995199e-01 1.040152501377267384e+02
1.115367949456619323e-01 1.147510710984952169e+02
1.263856777624855210e-01 1.211621370204517802e+02
1.080929155669890229e-01 1.331490190799750621e+02
