1.860728731584374296e-01 3.353712258354478948e+00
9.813003346692597550e-02 9.112354861420016050e+00
6.431975421148831973e-02 1.101513712819360968e+01
1.352652702036461763e-01 1.447398744341260723e+01
9.220295287269889006e-02 1.682057054061024104e+01
1.381231189347138788e-01 1.988461347561053572e+01
4.245228881617591626e-02 2.432141884864088865e+01
4.596303307180795578e-02 4.396507551264033253e+01
3.801495207430914680e-02 4.423462717628139984e+01
2.991526705028520888e-02 4.546882824949026514e+01
3.880793821994280024e-02 4.866349916313233592e+01
1.471742754012886172e-02 6.148199966001423178e+01
2.165869630029466572e-02 6.569228421018524955e+01
3.952465201961691266e-02 6.796512694276275113e+01
3.123151769634118641e-02 6.864559632624347785e+01
4.346052889490967241e-02 6.989814760297221596e+01
3.873626924593394361e-02 7.008552096180315516e+01
3.581361848876206400e-02 7.100500256593790027e+01
3.455120010484275667e-02 7.130759468712263072e+01
3.889085619225890467e-02 7.195626563073548709e+01
4.679220822975927591e-02 7.468163960181058769e+01
6.793141825766293995e-02 7.480429071944398345e+01
4.237042781646647993e-02 7.644175034976605332e+01
4.023784272215896740e-02 7.659706200693000255e+01
4.844270251562253493e-02 7.673468917692993330e+01
4.186957571079157753e-02 7.848409070241964969e+01
3.962816332622785820e-02 7.898419020027134252e+01
3.052034499830666783e-02 7.900842561880178039e+01
3.665002567519632520e-02 7.944339548226244574e+01
5.264315478987792452e-02 7.992684248047258677e+01
3.077883793328622247e-02 8.668689461962203779e+01
8.005924973612549289e-02 9.058200702950978211e+01
6.587539750212888234e-03 9.245234741004667001e+01
5.131722547812703206e-02 9.352596938730610532e+01
1.405600798462291329e-02 9.550300547422179420e+01
