3.546044744536711164e+02
2.618650771306661795e+02
2.822888909233809045e+02
2.667838794024879121e+02
2.631450377508153906e+02
2.374122913144380220e+02
2.660451878067834173e+02
8.740829071566540165e+01
8.741020059196405612e+01
8.816756895049456944e+01
2.493002207710198945e+02
2.927286089596684633e+02
2.337109373897303612e+02
7.654374623201402983e+01
1.015391867368079915e+02
2.258378258799174034e+02
2.252160702136965256e+02
1.102481333884597774e+02
1.102481333884597774e+02
3.173954488613973126e+02
2.890653425713222191e+02
2.938820227526401823e+02
3.218732801083460799e+02
3.206486216743765567e+02
3.183066726885281810e+02
3.260457990488328619e+02
3.077214413443503531e+02
3.161306844230244337e+02
3.142881407115749539e+02
3.312453354734309414e+02
3.303326815063755362e+02
3.042618817516722629e+02
3.309704454407403205e+02
3.273841028023673516e+02
3.432887676451198899e+02
3.491996255695210607e+02
1.565781783301379733e+02
6.350442034377707046e+01
6.350442034377707046e+01
6.072064087777119568e+01
6.072064087777119568e+01
6.725121323184647792e+01
6.725121323184647792e+01
6.777907675143332256e+01
6.916718186291151937e+01
1.347474369737506663e+02
1.347474369737506663e+02
1.237093526244700570e+02
1.328455059639594538e+02
8.907521125664399619e+01
1.316876253355399342e+02
1.316876253355399342e+02
8.878503789423182013e+01
1.311423034224378057e+02
1.311423034224378057e+02
1.307587209019481804e+02
1.307587209019481804e+02
1.300905555013537196e+02
1.300904480346160597e+02
1.300904480346160597e+02
1.289636608009426197e+02
1.289636608009426197e+02
7.156525426329579886e+01
7.156525426329579886e+01
1.286086225691274763e+02
1.286086225691274763e+02
1.282229974844406684e+02
1.282229974844406684e+02
1.273095823364926105e+02
1.268361750954578326e+02
1.268361750954578326e+02
1.259839812118784153e+02
1.259839812118784153e+02
1.254784473726438847e+02
1.254784473726438847e+02
1.252858686294393777e+02
1.252858686294393777e+02
1.247047454762864049e+02
1.230060769298691810e+02
1.230060769298691810e+02
1.227945263503087574e+02
1.227945263503087574e+02
1.221085543411583529e+02
1.214846715718545482e+02
1.214846715718545482e+02
1.203715985292099759e+02
1.203715985292099759e+02
1.042626899030293117e+02
1.197984748369277668e+02
1.197984748369277668e+02
9.374943861274149981e+01
1.189982119661678723e+02
1.189982128718003480e+02
1.186455303122275637e+02
1.186455303122275637e+02
8.170538632667467027e+01
1.174421377845523011e+02
1.174421377845523011e+02
1.169192472565890029e+02
1.169192472565890029e+02
1.161007401663374452e+02
1.161007401663374452e+02
1.107104341937179868e+02
1.149323742597947557e+02
1.149323742597947557e+02
1.144070032442508875e+02
1.144070032442508875e+02
1.138262336357844617e+02
1.138262336357844617e+02
1.127600302055533348e+02
1.127600302055533348e+02
2.316075835851359273e+02
3.503668332350662808e+02
6.490378567900045859e+00
