Lon,Lat,Dist (m),Azimuth,Names
-70.211537,-22.093748,819284.2195171088,354.6044744536711,wall
-70.211537,-22.093748,1866117.7369196424,261.8650771306662,ouin
-73.42748,-39.886595,1878204.6254459063,282.2888909233809,litz
-73.42748,-39.886595,1880917.7816560334,266.7838794024879,ouve
-72.1088,-17.0009,1911162.8017033534,263.1450377508154,thio
166.02,55.2,1927108.1541841829,237.41229131443802,kjni
-73.215057,-39.39762,2048633.0895140213,266.0451878067834,hien
-70.198029,-20.803213,2735361.836978151,87.4082907156654,pape
-70.198029,-20.803213,2735395.195456145,87.41020059196406,pape
-73.431,-38.7423,2758623.8156321933,88.16756895049457,vair
-70.147831,-20.204578,3260535.4755204027,249.3002207710199,gcsb
-70.147831,-20.204578,3405177.8360996447,292.72860895966846,tare
-70.215639,-19.596907,3819690.2836452303,233.71093738973036,tbwc
-70.215639,-19.596907,4002505.862541549,76.54374623201403,nuku
-95.196842,16.168436,4175847.633687752,101.53918673680799,gamb
-73.151731,-37.028605,4260489.21184959,225.8378258799174,bapj
-70.32323,-18.4758,4311761.192525397,225.21607021369653,spjy
16.324722,58.634167,6684772.122046925,110.24813338845978,east
-106.423867,23.181417,6684772.122046925,110.24813338845978,east
49.4281,-18.1536,6977181.42064412,317.3954488613973,chij
140.72,41.78,7136245.763209162,289.0653425713222,davo
-102.178053,17.939856,7628917.124693208,293.8820227526402,lega
-102.178053,17.939856,7750130.714228441,321.8732801083461,mera
0.0,0.0,7831080.620825679,320.64862167437656,omae
157.988892,51.726762,7911930.451988939,318.3066726885282,kusm
-72.957142,-36.53797,7962279.514773594,326.04579904883286,ofun
-72.957142,-36.53797,8033188.519494831,307.72144134435035,naha
0.0,0.0,8060431.276522747,316.13068442302443,tosa
-0.24903,49.27936,8090876.447438028,314.28814071157495,abur
-72.05786,-34.687306,8116384.563610289,331.24533547343094,hana
-72.05786,-34.687306,8151455.443473983,330.33268150637554,kush
0.0,0.0,8215592.677162565,304.26188175167226,ishi
0.0,0.0,8245092.691201366,330.9704454407403,abas
-71.618188,-33.581625,8247572.33806554,327.38410280236735,hako
-71.618188,-33.581625,8415432.199328166,343.2887676451199,vodo
-99.903,16.837933,8575730.805578962,349.19962556952106,nksk
-71.627873,-33.027671,8883796.349847712,156.57817833013797,vern
-71.627873,-33.027671,8891046.259064937,63.50442034377707,puer
-71.525427,-32.775493,8891046.259064937,63.50442034377707,puer
-71.525427,-32.775493,8908459.384577474,60.720640877771196,maza
0.0,0.0,8908459.384577474,60.720640877771196,maza
-71.529306,-32.135611,9051622.852632344,67.25121323184648,laza
0.0,0.0,9051622.852632344,67.25121323184648,laza
-73.748199,-43.898463,9097335.086975921,67.77907675143332,zihu
-71.6079,-30.292161,9221695.492935196,69.16718186291152,acap
-71.6079,-30.292161,9339095.09648652,134.74743697375067,pmel
0.0,0.0,9339095.09648652,134.74743697375067,pmel
-71.335239,-29.949693,9351004.073130155,123.70935262447006,juan
-71.335239,-29.949693,9420389.707356358,132.84550596395945,ancu
0.0,0.0,9475064.252787488,89.075211256644,sant
-71.4686,-29.24611,9483659.620617112,131.68762533553993,bmsa
-71.249937,-28.468893,9483659.620617112,131.68762533553993,bmsa
-71.249937,-28.468893,9489919.894987201,88.78503789423182,balt
-73.737021,-40.581105,9538278.568584919,131.1423034224378,corr
-90.283,-0.433,9538278.568584919,131.1423034224378,corr
-70.824719,-27.064605,9576585.22081397,130.75872090194818,quel
-70.824719,-27.064605,9576585.22081397,130.75872090194818,quel
-77.1668,-12.069,9588394.122023623,130.09055550135372,nhte
-70.633759,-26.351758,9588405.241516287,130.09044803461606,ntue
-70.633759,-26.351758,9588405.241516287,130.09044803461606,ntue
-80.9064,-2.2177,9620229.22952196,128.96366080094262,lebu
-70.489794,-25.407269,9620229.22952196,128.96366080094262,lebu
-70.489794,-25.40727,9654899.807649732,71.5652542632958,sali
-70.468728,-25.008982,9654899.807649732,71.5652542632958,sali
-70.468728,-25.008982,9686912.827030702,128.60862256912748,crnl
-84.1702,9.4255,9686912.827030702,128.60862256912748,crnl
-70.404624,-23.654215,9724741.34107518,128.22299748444067,coli
-70.404624,-23.654215,9724741.34107518,128.22299748444067,coli
-70.450663,-23.097712,9819179.192274403,127.30958233649261,cons
-70.450663,-23.097712,9882949.482705057,126.83617509545783,boye
0.0,0.0,9882949.482705057,126.83617509545783,boye
0.0,0.0,9970726.757798271,125.98398121187842,sano
0.0,0.0,9970726.757798271,125.98398121187842,sano
0.0,0.0,9995512.106947344,125.47844737264388,valp
0.0,0.0,9995512.106947344,125.47844737264388,valp
0.0,0.0,10015894.137001293,125.28586862943938,qtro
0.0,0.0,10015894.137001293,125.28586862943938,qtro
0.0,0.0,10045205.1196648,124.7047454762864,pich
0.0,0.0,10123664.259905199,123.00607692986918,ptal
0.0,0.0,10123664.259905199,123.00607692986918,ptal
0.0,0.0,10163394.2071953,122.79452635030876,coqu
0.0,0.0,10163394.2071953,122.79452635030876,coqu
0.0,0.0,10184265.494926482,122.10855434115835,ptch
0.0,0.0,10239662.807380803,121.48467157185455,huas
0.0,0.0,10239662.807380803,121.48467157185455,huas
0.0,0.0,10343051.850174913,120.37159852920998,cald
0.0,0.0,10343051.850174913,120.37159852920998,cald
0.0,0.0,10388541.694665203,104.26268990302931,call
0.0,0.0,10393578.824842202,119.79847483692777,chnr
0.0,0.0,10393578.824842202,119.79847483692777,chnr
0.0,0.0,10398037.741400648,93.7494386127415,lali
0.0,0.0,10450821.97307882,118.99821196616787,talt
0.0,0.0,10450821.97307882,118.99821287180035,talt
0.0,0.0,10471370.795522735,118.64553031222756,papo
0.0,0.0,10471370.795522735,118.64553031222756,papo
0.0,0.0,10505596.59394393,81.70538632667467,quep
0.0,0.0,10540500.681417657,117.4421377845523,anto
0.0,0.0,10540500.681417657,117.4421377845523,anto
0.0,0.0,10562128.094650023,116.919247256589,meji
0.0,0.0,10562128.094650023,116.919247256589,meji
0.0,0.0,10631135.666125637,116.10074016633745,toco
0.0,0.0,10631135.666125637,116.10074016633745,toco
0.0,0.0,10681017.710218387,110.71043419371799,mata
0.0,0.0,10692292.875780143,114.93237425979476,pata
0.0,0.0,10692292.875780143,114.93237425979476,pata
0.0,0.0,10724739.555375025,114.40700324425089,iqui
0.0,0.0,10724739.555375025,114.40700324425089,iqui
0.0,0.0,10746333.6101294,113.82623363578446,pisa
0.0,0.0,10746333.6101294,113.82623363578446,pisa
0.0,0.0,10787509.091465877,112.76003020555333,aric
0.0,0.0,10787509.091465877,112.76003020555333,aric
0.0,0.0,13522448.38772278,231.60758358513593,toam
0.0,0.0,15670767.72897365,350.3668332350663,jute
0.0,0.0,16786842.327197753,6.490378567900046,ouis
